r-----------------------
[0.07640242576599121, 0.07745361328125, 0.09600043296813965, 0.0966036319732666, 0.09758234024047852, 0.10510540008544922, 0.106201171875, 0.10864496231079102, 0.10931968688964844, 0.10937190055847168, 0.10947585105895996, 0.1095118522644043, 0.1095418930053711, 0.10954499244689941, 0.10956048965454102, 0.10956454277038574, 0.10959434509277344, 0.10968184471130371, 0.10969161987304688, 0.10971641540527344, 0.10988235473632812, 0.10996270179748535, 0.10997867584228516, 0.11004185676574707, 0.11006450653076172, 0.11011409759521484, 0.11020994186401367, 0.11023974418640137, 0.11032271385192871, 0.11033773422241211, 0.11035394668579102, 0.11045718193054199, 0.11066794395446777, 0.11076068878173828, 0.11079573631286621, 0.11084532737731934, 0.1110231876373291, 0.11107325553894043, 0.11120223999023438, 0.11128973960876465, 0.11170554161071777, 0.11206388473510742, 0.11228561401367188, 0.1125020980834961, 0.11357784271240234, 0.11498713493347168, 0.12031245231628418, 0.12042760848999023, 0.12056088447570801, 0.13097620010375977, 0.13276886940002441, 0.13333964347839355, 0.13547492027282715, 0.13582921028137207, 0.14239072799682617, 0.1459178924560547, 0.15554571151733398, 0.16669464111328125, 0.17372775077819824, 0.1743636131286621, 0.17766761779785156, 0.2211146354675293, 0.25800538063049316]
e-----------------------
[1.0903750354487216, 1.0903808275407032, 1.090386618820985, 1.0903898735458653, 1.0903971101377954, 1.0904069348475065, 1.0904069348475065, 1.0904069348475065, 1.0904069348475065, 1.0904069348475065, 1.0904069348475065, 1.0904069348475065, 1.0904069348475065, 1.0904069348475065, 1.0904069348475065, 1.0904069348475065, 1.0904069348475065, 1.0904069348475065, 1.0904069348475065, 1.0904069348475065, 1.0904069348475065, 1.0904069348475065, 1.0904069348475065, 1.0904069348475065, 1.0904069348475065, 1.0904069348475065, 1.0904069348475065, 1.0904069348475065, 1.0904069348475065, 1.0904069348475065, 1.0904069348475065, 1.0904069348475065, 1.0904069348475065, 1.0904069348475065, 1.0904069348475065, 1.0904069348475065, 1.0904069348475065, 1.0904069348475065, 1.0904069348475065, 1.0904069348475065, 1.0904094610266384, 1.0904122511619623, 1.0904147808405815, 1.09041555368635, 1.0904226359266174, 1.0904790989515831, 1.0904814690453237, 1.0904890792098052, 1.090496511099383, 1.0904984651710723, 1.0905327766628612, 1.0905408447476979, 1.0905423383947757, 1.0905776332928316, 1.0905809486618745, 1.0906461542862251, 1.0906879915233707, 1.0907509926149948, 1.090776986104891, 1.0907979818626616, 1.0910889550308138, 1.0911653915007404, 1.0962200272386409]

r-----------------------
[0.07593417167663574, 0.07888269424438477, 0.08312654495239258, 0.08601021766662598, 0.0938112735748291, 0.09518599510192871, 0.09552001953125, 0.10059213638305664, 0.10292768478393555, 0.1068272590637207, 0.10757231712341309, 0.10897111892700195, 0.11124610900878906, 0.11167383193969727, 0.11457395553588867, 0.1177225112915039, 0.12216305732727051, 0.12415552139282227, 0.12457084655761719, 0.12666916847229004, 0.1272730827331543, 0.12879228591918945, 0.12937045097351074, 0.13037467002868652, 0.1339709758758545, 0.13399124145507812, 0.13776230812072754, 0.13939809799194336, 0.1409015655517578, 0.14179229736328125, 0.14284086227416992, 0.14334940910339355, 0.14344573020935059, 0.14523673057556152, 0.1475837230682373, 0.14870882034301758, 0.14881134033203125, 0.15183758735656738, 0.1524193286895752, 0.15439701080322266, 0.15474700927734375, 0.15784096717834473, 0.16099023818969727, 0.1625685691833496, 0.16866731643676758, 0.1694014072418213, 0.17367172241210938, 0.1778569221496582, 0.17968392372131348, 0.17981982231140137, 0.18387055397033691, 0.187483549118042, 0.18751144409179688, 0.20161747932434082, 0.2030773162841797, 0.2049083709716797, 0.22011446952819824, 0.24331235885620117, 0.354567289352417, 0.3706674575805664, 0.37616467475891113, 0.39525294303894043, 0.4162893295288086]
e-----------------------
[1.0903790906111508, 1.0903819936195023, 1.0903824908478996, 1.0903901844696193, 1.0903947759707846, 1.0903957788398675, 1.0903999835233105, 1.0904002228248015, 1.0904116145658567, 1.0904216147679313, 1.0904226615107933, 1.0904308740651507, 1.0904334244346883, 1.0904458169146987, 1.0904503380745276, 1.0904614292613874, 1.0904703852040183, 1.0904743750411123, 1.0904766915745716, 1.0904813061685588, 1.0904849940537613, 1.0904916463837016, 1.0904933949670432, 1.090494276172457, 1.090494408680382, 1.0905377546102293, 1.0905465665757714, 1.0905567118264174, 1.0905745516909655, 1.0906032949437816, 1.0906052767142784, 1.0906472123999253, 1.0906491407269596, 1.0906600763291914, 1.0906631182523019, 1.0906945298233155, 1.0907185732288114, 1.0907548346620883, 1.090782947276038, 1.0907871276690895, 1.0908798790190748, 1.0909034318992528, 1.0909069859998728, 1.091170869544874, 1.091918278823773, 1.098151928998124, 1.1567527001618703, 1.1714063020332055, 1.2011582246912933, 1.2251065980510578, 1.228897848591283, 1.2389077966316282, 1.2578746068641604, 1.3803705750586748, 1.47296597893819, 1.5648255692913853, 1.6115030818093536, 2.2287581489416204, inf, inf, inf, inf, inf]

done!
