111111100101000101111110001101001000010001100010110010001001010011111010111011100010101000110101000000110101110100011000000110010000001001010010011111111001110100111011110101001110110011110011100111010010101110011001111110000000100000111110001111111110010001011010010011111111111000010001
r-----------------------
[0.06343817710876465, 0.06371140480041504, 0.06522417068481445, 0.0658111572265625, 0.06666994094848633, 0.06830811500549316, 0.06847000122070312, 0.06865596771240234, 0.06881523132324219, 0.06948208808898926, 0.06957268714904785, 0.0700523853302002, 0.0701303482055664, 0.07021093368530273, 0.07027769088745117, 0.07047486305236816, 0.07052779197692871, 0.07096171379089355, 0.07109808921813965, 0.07135772705078125, 0.07160520553588867, 0.07177019119262695, 0.07183480262756348, 0.07187843322753906, 0.07192778587341309, 0.07210373878479004, 0.07241225242614746, 0.07244753837585449, 0.07286691665649414, 0.07301950454711914, 0.07304620742797852, 0.07328200340270996, 0.07339334487915039, 0.07340383529663086, 0.0734097957611084, 0.07367420196533203, 0.07373428344726562, 0.0738523006439209, 0.07393479347229004, 0.073944091796875, 0.07395696640014648, 0.07415366172790527, 0.07420945167541504, 0.07427215576171875, 0.0743412971496582, 0.07435274124145508, 0.07448530197143555, 0.07473421096801758, 0.07492327690124512, 0.07515597343444824, 0.07551121711730957, 0.07582712173461914, 0.08023691177368164, 0.0803840160369873, 0.0891716480255127, 0.08976244926452637, 0.09104275703430176, 0.09182929992675781, 0.09231925010681152, 0.09387469291687012, 0.09430313110351562, 0.13316941261291504, 0.1542341709136963]
e-----------------------
[1.000006583824077, 1.000006583824086, 1.000006583824092, 1.000006583824097, 1.0000065838241, 1.0000065838241, 1.0000065838241, 1.0000065838241, 1.0000065838241, 1.0000065838241, 1.0000065838241, 1.0000065838241, 1.0000065838241, 1.0000065838241, 1.0000065838241, 1.0000065838241, 1.0000065838241, 1.0000065838241, 1.0000065838241, 1.0000065838241, 1.0000065838241, 1.0000065838241, 1.000006583824115, 1.0000065838241161, 1.000006583824131, 1.000006583824131, 1.000006583824141, 1.000006583824155, 1.000006583824167, 1.000006583824172, 1.000006583824178, 1.000006583824196, 1.0000065838242091, 1.000006583824212, 1.000006583824226, 1.000006583824228, 1.000006583824228, 1.0000065838242411, 1.000006583824254, 1.000006583824259, 1.000006583824273, 1.000006583824295, 1.0000065838243322, 1.000006583824335, 1.0000065838244363, 1.0000065838244783, 1.0000065838245094, 1.0000065838245342, 1.0000065838245482, 1.0000065838245793, 1.0000065838245944, 1.0000065838245993, 1.0000065838246164, 1.0000065838247505, 1.0000065838249375, 1.0000065838250527, 1.0000065838251657, 1.0000065838252716, 1.0000065838252827, 1.000006583825533, 1.000006583825719, 1.0000065838262082, 1.0000065838262824]

1000100000010001001100000001100100001111100010111000100010000100111011000011010111011110000100100000000011111100101001001010101011001111001100101001101001000001
r-----------------------
[0.05969667434692383, 0.06753206253051758, 0.07039165496826172, 0.07298827171325684, 0.07705545425415039, 0.08103513717651367, 0.08245563507080078, 0.08314752578735352, 0.0837254524230957, 0.08417749404907227, 0.08447027206420898, 0.08563399314880371, 0.08594202995300293, 0.09092950820922852, 0.09099221229553223, 0.09326338768005371, 0.09753656387329102, 0.10064268112182617, 0.10418343544006348, 0.1090703010559082, 0.11290121078491211, 0.11406278610229492, 0.11831974983215332, 0.11873769760131836, 0.12184786796569824, 0.15711498260498047, 0.1609342098236084, 0.16178250312805176, 0.16259241104125977, 0.1675102710723877, 0.1817469596862793, 0.18680024147033691, 0.19150900840759277, 0.2014012336730957, 0.21146869659423828, 0.2128434181213379, 0.21494221687316895, 0.2156691551208496, 0.21915054321289062, 0.2207777500152588, 0.23220562934875488, 0.23854517936706543, 0.24931621551513672, 0.2590827941894531, 0.26381707191467285, 0.26849937438964844, 0.27388429641723633, 0.28115320205688477, 0.28421974182128906, 0.2891824245452881, 0.2909688949584961, 0.317732572555542, 0.319058895111084, 0.321225643157959, 0.336993932723999, 0.3380167484283447, 0.36876440048217773, 0.6014256477355957, 0.6370983123779297, 0.6486666202545166, 0.6528797149658203, 0.6554915904998779, 0.6571962833404541]
e-----------------------
[1.000006583824074, 1.0000065838241, 1.0000065838241, 1.000006583824112, 1.000006583824127, 1.00000658382413, 1.00000658382413, 1.000006583824134, 1.000006583824135, 1.000006583824137, 1.000006583824137, 1.000006583824147, 1.00000658382415, 1.000006583824151, 1.000006583824155, 1.000006583824161, 1.000006583824167, 1.000006583824168, 1.000006583824177, 1.000006583824186, 1.000006583824202, 1.000006583824206, 1.00000658382421, 1.000006583824279, 1.000006583824291, 1.000006583824313, 1.000006583824315, 1.0000065838243162, 1.000006583824317, 1.0000065838243262, 1.000006583824333, 1.0000065838244072, 1.0000065838244503, 1.0000065838244931, 1.0000065838245653, 1.0000065838246024, 1.0000065838247925, 1.0000065838248455, 1.0000065838249574, 1.000006583825866, 1.0011766562078628, 1.0012093024675792, 1.0176938510347733, 1.1606939215726888, 1.2115990036458548, 1.322161293195986, 1.3415563863942925, 1.7461851522768503, 1.929451810476573, 2.047122089933761, 2.0497791030699832, 2.701660409885619, 2.7626497552936558, 3.0985969299322855, 3.174908127856429, 3.5057619679592222, 5.333659177902948, inf, inf, inf, inf, inf, inf]

done!
